7
11
12
16
21
24
25
26
31
34
35
36
38
42
43
51
52
56
66
71
75
81
90
93
94
105
106
115
120
124
125
134
138
150
152
154
164
165
167
176
178
188
189
192
194
198
199
202
204
205
206
209
214
218
221
223
224
226
229
231
233
237
246
251
258
259
263
264
268
275
280
281
283
288
290
296
303
306
314
315
325
326
327
328
330
331
333
337
339
342
345
346
347
349
350
351
352
353
354
355
358
363
366
367
368
369
370
374
379
380
387
388
390
392
393
396
397
399
400
401
403
411
415
418
419
423
425
426
427
429
432
433
434
435
441
443
447
451
453
456
457
459
460
464
476
477
480
481
484
487
488
490
493
494
497
498
499
501
502
503
505
507
512
513
514
515
516
519
521
524
533
535
536
537
539
540
541
543
550
559
574
575
582
591
593
598
602
603
610
613
616
618
619
621
623
629
635
639
645
646
647
648
649
650
652
654
658
659
666
671
672
675
678
679
684
686
689
690
692
694
696
698
705
707
716
728
729
730
731
737
741
749
750
751
753
756
760
762
765
768
775
776
783
785
788
793
794
798
811
818
819
822
827
829
835
836
844
845
846
847
848
851
852
856
858
862
863
865
866
867
868
870
871
872
873
875
888
896
897
898
903
904
905
906
907
914
915
923
927
931
935
942
943
947
948
949
951
953
956
958
960
963
964
965
966
967
971
974
976
983
985
986
987
990
992
995
996
997
1000
1004
1007
1008
1011
1014
1016
1019
1021
1022
1023
1026
1028
1032
1033
1034
1036
1037
1038
1039
1040
1041
1043
1044
1047
1048
1051
1054
1061
1062
1067
1070
1071
1079
1080
1082
1084
1089
1090
1091
1092
1095
1097
1098
1099
1101
1102
1105
1121
1123
1124
1125
1126
1129
1130
1131
1132
1133
1134
1136
1138
1139
1141
1143
1147
1148
1150
1151
1153
1154
1161
1177
1183
1187
1190
1193
1194
1195
1196
1197
1198
1201
1202
1208
1209
1216
1217